74902378
74902376
74902373
74902356
74902340
74902339
74902333
74902288
74902278
74902271
74902270
74902252
74902247
74902227
74902226
74902212
74902187
74902182
74902152
74902124
74902103
74902076
74902068
74902067
74902065
74902047
74902031
74902027
74902021
74902001
74901980
74901976
74901968
74901955
74901952
74901949
74901934
74901924
74901919
74901908
74901881
74901878
74901872
74901869
74901862
74901844
74901832
74901827
74901825
74901820
74901804
74901794
74901792
74901791
74901789
74901786
74901783
74901764
74901763
74901762
74901695
74901686
74901684
74901680
74901679
74901665
74901643
74901640
74901633
74901615
74901614
74901599
74901588
74901556
74901524
74901523
74901522
74901511
74901508
74901503
74901501
74901490
74901487
74901483
74901465
74901443
74901442
74901437
74901436
74901434
74901411
74901403
74901400
74901356
74901355
74901337
74901315
74901273
74901270
74901265
74901259
74901209
74901187
74901186
74901182
74901165
74901114
74901091
74901076
74901066
74901050
74901041
74901040
74901020
74900995
74900953
74900938
74900932
74900903
74900879
74900877
74900868
74900861
74900851
74900805
74900799
74900797
74900785
74900784
74900775
74900770
74900744
74900704
74900701
74900699
74900683
74900674
74900655
74900641
74900636
74900635
74900626
74900606
74900584
74900576
74900562
74900548
74900514
74900490
74900461
74900456
74900454
74900449
74900441
74900424
74900422
74900405
74900403
74900400
74900369
74900359
74900339
74900327
74900305
74900290
74900288
74900284
74900270
74900260
74900257
74900240
74900221
74900216
74900190
74900171
74900136
74900111
74900082
74900075
74900069
74900027
74900015
74900011
74900041
74899987
74899985
74899984
74899980
74899960
74899952
74899947
74899938
74899920
74899916
74899910
74899883
74899848
74899816
74899807
74899797
74899785
74899760
74899727
74899725
74899722
74899720
74899712
74899711
74899706
74899702
74899690
74899642
74899634
74899632
74899610
74899607
74899586
74899584
74899567
74899545
74899523
74899518
74899513
74899507
74899506
74899467
74899438
74899431
74899400
74899399
74899394
74899384
74899364
74899353
74899338
74899335
74899327
74899302
74899289
74899288
74899285
74899260
74899236
74899229
74899218
74899215
74899201
74899160
74899145
74899116
74899108
74899104
74899084
74899071
74899068
74899060
74899031
74899012
74898983
74898976
74898922
74898890
74898861
74898829
74898806
74898796
74898778
74898775
74898759
74898752
74898743
74898741
74898722
74898720
74898675
74898659
74898641
74898631
74898567
74898561
74898528
74898526
74898454
74898445
74898432
74898431
74898423
74898358
74898354
74898322
74898303
74898296
74898290
74898285
74898277
74898241
74898239
74898233
74898227
74898209
74898209
74898183
74898161
74898124
74898123
74898118
74898061
74897982
74897960
74897930
74897888
74897873
74897869
74897867
74897852
74897821
74897813
74897796
74897791
74897789
74897771
74897770
74897766
74897750
74897725
74897712
74897698
74897693
74897684
74897669
74897649
74897630
74897607
74897580
74897577
74897548
74897545
74897543
74897509
74897503
74897490
74897486
74897474
74897457
74897447
74897430
74897429
74897418
74897396
74897395
74897389
74897385
74897384
74897365
74897362
74897346
74897333
74897318
74897316
74897278
74897229
74897222
74897214
74897211
74897182
74897170
74897157
74897149
74897143
74897123
74897119
74897103
74897098
74897083
74897062
74897038
74897012
74897010
74897000
74896961
74896954
74896943
74896938
74896929
74896912
74896895
74896843
74896828
74896825
74896815
74896811
74896789
74896775
74896762
74896759
74896747
74896745
74896741
74896709
74896676
74896655
74896648
74896641
74896625
74896623
74896614
74896585
74896576
74896573
74896543
74896525
74896522
74896519
74896513
74896495
74896493
74896481
74896479
74896458
74896450
74896434
74896430
74896417
74896378
74896349
74896307
74896299
74896285
74896262
74896220
74896216
74896179
74896178
74896166
74896153
74896149
74896124
74896114
74896111
74896106
74896104
74896101
74896055
74896025
74896014
74895997
74895983
74895970
74895969
74895963
74895948
74895923
74895916
74895911
74895907
74895904
74895893
74895862
74895847
74895808
74895787
74895783
74895781
74895771
74895761
74895752
74895750
74895743
74895741
74895667
74895665
74895654
74895640
74895638
74895603
74895597
74895582
74895579
74895560
74895549
74895531
74895526
74895522
74895516
74895511
74895463
74895441
74895435
74895414
74895393
74895371
74895366
74895365
74895338
74895324
74895292
74895287
74895280
74895247
74895213
74895207
74895190
74895178
74895168
74895166
74895165
74895156
74895150
74895143
74895125
74895110
74895077
74895076
74895071
74895052
74895050
74895049
74895040
74895031
74895024
74895015
74895007
74895006
74894984
74894947
74894938
74894927
74894926
74894885
74894879
74894875
74894864
74894842
74894840
74894839
74894830
74894827
74894823
74894806
74894793
74894762
74894751
74894738
74894734
74894728
74894719
74894715
74894675
74894657
74894654
74894618
74894575
74894573
74894572
74894567
74894553
74894542
74894530
74894486
74894461
74894447
74894440
74894405
74894395
74894393
74894386
74894371
74894366
74894359
74894357
74894350
74894348
74894335
74894332
74894328
74894324
74894318
74894310
74894296
74894294
74894291
74894286
74894208
74894186
74894149
74894148
74894140
74894119
74894063
74894055
74894030
74894009
74893999
74893987
74893967
74893922
74893906
74893899
74893896
74893893
74893886
74893872
74893850
74893847
74893820
74893785
74893746
74893745
74893742
74893722
74893699
74893677
74893674
74893667
74893662
74893658
74893648
74893646
74893636
74893626
74893593
74893571
74893568
74893544
74893541
74893511
74893475
74893460
74893430
74893428
74893409
74893406
74893382
74893381
74893375
74893371
74893358
74893354
74893347
74893346
74893343
74893339
74893311
74893301
74893297
74893278
74893260
74893258
74893239
74893237
74893227
74893225
74893223
74893221
74893218
74893213
74893206
74893199
74893185
74893176
74893175
74893172
74893169
74893144
74893134
74893113
74893110
74893102
74893089
74893032
74893017
74892991
74892989
74892987
74892985
74892978
74892963
74892960
74892934
74892927
74892919
74892905
74892858
74892847
74892845
74892827
74892816
74892805
74892799
74892770
74892681
74892653
74892641
74892603
74892590
74892587
74892574
74892566
74892550
74892546
74892536
74892535
74892525
74892523
74892481
74892469
74892465
74892462
74892452
74892425
74892407
74892392
74892390
74892387
74892362
74892355
74892336
74892318
74892316
74892312
74892304
74892293
74892272
74892268
74892266
74892263
74892262
74892247
74892230
74892226
74892218
74892198
74892194
74892191
74892174
74892163
74892146
74892130
74892096
74892084
74892065
74892063
74892030
74892027
74892023
74892002
74892001
74892000
74891989
74891986
74891980
74891979
74891967
74891956
74891922
74891899
74891897
74891834
74891828
74891803
74891800
74891799
74891786
74891754
74891720
74891701
74891700
74891695
74891609
74891580
74891571
74891568
74891544
74891541
74891525
74891522
74891498
74891497
74891492
74891479
74891472
74891455
74891454
74891422
74891398
74891396
74891387
74891379
74891373
74891364
74891343
74891325
74891323
74891242
74891196
74891192
74891188
74891168
74891156
74891153
74891138
74891131
74891125
74891119
74891109
74891095
74891086
74891062
74891061
74891056
74891016
74891006
74890985
74890975
74890933
74890917
74890885
74890880
74890864
74890797
74890785
74890783
74890770
74890744
74890737
74890733
74890731
74890722
74890711
74890699
74890684
74890681
74890662
74890660
74890642
74890641
74890624
74890593
74890582
74890573
74890563
74890547
74890538
74890536
74890514
74890427
74890413
74890402
74890376
74890374
74890293
74890292
74890284
74890272
74890270
74890268
74890262
74890247
74890237
74890214
74890203
74890197
74890148
74890142
74890127
74890115
74890092
74890079
74890036
74890027
74889981
74889976
74889948
74889940
74889937
74889911
74889898
74889884
74889866
74889851
74889847
74889838
74889837
74889829
74889818
74889813
74889791
74889770
74889763
74889741
74889732
74889729
74889723
74889720
74889708
74889680
74889676
74889659
74889613
74889607
74889581
74889575
74889571
74889561
74889555
74889542
74889515
74889490
74889489
74889425
74889412
74889374
74889323
74889320
74889315
74889280
74889269
74889249
74889244
74889226
74889215
74889192
74889152
74889143
74889121
74889101
74889074
74889073
74889058
74889055
74889017
74889001
74889000
74888992
74888969
74888963
74888956
74888950
74888929
74888920
74888917
74888902
74888885
74888852
74888836
74888818
74888817
74888814
74888801
74888795
74888788
74888785
74888783
74888763
74888743
74888739
74888733
74888718
74888717
74888694
74888691
74888688
74888671
74888667
74888641
74888634
74888631
74888627
74888577
74888552
74888545
74888516
74888515
74888495
74888483
74888481
74888470
74888435
74888433
74888374
74888372
74888332
74888323
74888298
74888295
74888291
74888277
74888254
74888249
74888231
74888221
74888206
74888121
74888118
74888098
74888086
74888068
74887998
74887993
74887929
74887925
74887921
74887916
74887914
74887905
74887897
74887891
74887884
74887868
74887861
74887834
74887804
74887792
74887784
74887765
74887750
74887734
74887723
74887680
74887675
74887649
74887645
74887630
74887618
74887601
74887587
74887586
74887562
74887541
74887539
74887536
74887534
74887516
74887491
74887490
74887478
74887399
74887383
74887375
74887360
74887297
74887285
74887245
74887212
74887206
74887205
74887185
74887176
74887159
74887138
74887074
74887037
74887036
74887034
74887003
74886942
74886938
74886932
74886919
74886898
74886893
74886891
74886830
74886813
74886760
74886735
74886734
74886715
74886694
74886682
74886678
74886676
74886668
74886633
74886631
74886625
74886558
74886541
74886540
74886493
74886492
74886461
74886458
74886451
74886443
74886423
74886418
74886375
74886347
74886344
74886332
74886280
74886269
74886264
74886256
74886248
74886242
74886225
74886213
74886170
74886169
74886164
74886160
74886159
74886137
74886119
74886015
74886005
74885997
74885980
74885954
74885946
74885910
74885884
74885880
74885877
74885858
74885854
74885818
74885811
74885777
74885726
74885724
74885720
74885712
74885685
74885555
74885544
74885541
74885535
74885529
74885501
74885490
74885485
74885479
74885471
74885470
74885468
74885464
74885462
74885454
74885449
74885446
74885438
74885374
74885356
74885348
74885340
74885316
74885307
74885276
74885244
74885235
74885233
74885232
74885227
74885225
74885183
74885170
74885164
74885157
74885150
74885136
74885118
74885117
74885085
74885082
74885055
74885052
74885035
74885032
74885010
74885001
74884953
74884932
74884921
74884887
74884821
74884818
74884772
74884751
74884743
74884721
74884691
74884690
74884689
74884688
74884681
74884680
74884676
74884674
74884660
74884652
74884630
74884618
74884587
74884579
74884559
74884552
74884538
74884534
74884532
74884521
74884518
74884507
74884505
74884502
74884490
74884482
74884481
74884473
74884467
74884463
74884431
74884402
74884388
74884385
74884358
74884355
74884326
74884318
74884303
74884294
74884286
74884278
74884267
74884263
74884262
74884244
74884230
74884217
74884196
74884154
74884126
74884117
74884113
74884092
74884091
74884078
74884055
74884050
74884039
74884030
74884016
74884004
74883991
74883986
74883965
74883960
74883933
74883922
74883902
74883892
74883863
74883842
74883838
74883826
74883814
74883812
74883801
74883789
74883773
74883771
74883770
74883747
74883694
74883691
74883684
74883680
74883677
74883661
74883633
74883621
74883612
74883611
74883589
74883587
74883538
74883531
74883513
74883493
74883472
74883453
74883426
74883420
74883413
74883407
74883382
74883377
74883367
74883343
74883290
74883281
74883272
74883253
74883242
74883236
74883221
74883202
74883200
74883196
74883195
74883192
74883180
74883141
74883128
74883103
74883102
74883093
74883056
74883034
74883028
74883021
74883017
74883008
74882981
74882978
74882972
74882971
74882969
74882962
74882918
74882910
74882907
74882896
74882870
74882866
74882848
74882832
74882830
74882826
74882825
74882824
74882814
74882793
74882784
74882776
74882751
74882750
74882741
74882728
74882680
74882663
74882660
74882649
74882633
74882623
74882622
74882556
74882555
74882548
74882495
74882492
74882488
74882426
74882414
74882403
74882381
74882372
74882330
74882311
74882296
74882288
74882239
74882186
74882139
74882136
74882126
74882125
74882120
74882096
74882089
74882086
74882060
74882055
74882031
74882012
74881986
74881984
74881978
74881972
74881956
74881941
74881937
74881925
74881916
74881892
74881838
74881832
74881801
74881789
74881771
74881764
74881760
74881729
74881710
74881706
74881691
74881686
74881674
74881657
74881647
74881643
74881579
74881571
74881565
74881555
74881538
74881529
74881487
74881480
74881459
74881458
74881454
74881448
74881441
74881425
74881402
74881392
74881384
74881376
74881369
74881360
74881332
74881311
74881303
74881272
74881266
74881230
74881208
74881196
74881191
74881184
74881179
74881172
74881158
74881128
74881121
74881114
74881099
74881090
74881051
74881043
74881038
74881035
74881014
74881009
74881006
74880965
74880931
74880913
74880911
74880905
74880878
74880870
74880869
74880865
74880847
74880832
74880828
74880819
74880813
74880812
74880802
74880793
74880762
74880752
74880750
74880733
74880731
74880721
74880718
74880709
74880687
74880651
74880641
74880639
74880634
74880628
74880626
74880613
74880612
74880607
74880598
74880589
74880574
74880550
74880537
74880510
74880489
74880488
74880473
74880429
74880421
74880413
74880405
74880386
74880378
74880377
74880360
74880355
74880353
74880349
74880323
74880315
74880283
74880242
74880231
74880220
74880189
74880185
74880181
74880162
74880134
74880119
74880116
74880053
74880046
74880032
74880028
74880026
74880014
74879990
74879987
74879980
74879931
74879923
74879917
74879900
74879898
74879897
74879840
74879827
74879781
74879780
74879767
74879738
74879737
74879736
74879725
74879722
74879705
